10350
11007
11013
11043
11055
11069
11076
11083
11097
11104
11112
11118
11125
11133
11139
11147
11155
11159
11166
11174
11180
11195
11200
11204
11207
11327
11328
11333
11341
11346
11348
12061
12063
12065
12066
12071
12073
12077
12089
12095
12098
12102
12103
12104
12109
12110
12111
12118
12119
12124
12131
12133
12138
12144
12146
12152
12166
12180
12181
12182
12184
12343
12347
12361
13003
13031
13032
13033
13035
13040
13045
13046
13060
13067
13072
13074
13080
13088
13097
13102
13110
13114
13122
13124
13130
13134
13136
13137
13138
13139
13141
13144
13151
13152
13153
13154
13156
13157
13158
13160
13165
13166
13169
13171
13172
13174
13175
13176
13177
13179
13180
13181
13182
13185
14037
14039
14042
14045
14059
14067
14074
14077
14079
14080
14081
14083
14086
14087
14088
14089
14090
14093
14096
14098
14101
14103
14107
14109
14112
14116
14119
14125
14128
14131
14139
14143
14148
14156
14158
14160
14162
15012
15017
15022
15023
15024
15031
15032
15035
15036
15038
15039
15040
15043
15050
15052
15053
15054
15055
15056
15057
15058
15059
15060
15061
15062
15063
15066
15067
15068
15069
15070
15073
15075
15077
15078
15082
15083
15085
15086
15087
15088
15089
15090
15093
15094
15095
15096
15099
15106
15107
15108
15109
15111
15115
15116
15117
15118
15120
15121
15122
15125
15127
15128
15130
15131
15133
15134
15136
15137
15138
15141
15143
15145
15146
15148
15149
15150
15153
15154
15156
15158
15160
15161
15164
15166
15172
15174
15175
15178
15181
15182
15184
15186
15187
15327
16012
16016
16018
16019
16020
16023
16024
16027
16031
16035
16037
16047
16049
16055
16063
16071
16074
16081
16091
16096
16104
16110
16111
16117
16122
16130
16133
16146
16148
16160
16170
16173
16175
16299
17013
17020
17023
17033
17048
17052
17057
17062
17070
17071
17076
17078
17079
17080
17081
17089
17090
17093
17094
17096
17112
17113
17120
17122
17125
17130
17131
17132
17134
17135
17139
17141
17148
17152
17154
17158
17160
17169
17173
17176
17295
18035
18037
18040
18044
18045
18046
18047
18050
18053
18064
18068
18075
18088
18089
18093
18095
18100
18102
18103
18105
18107
18110
18112
18116
18117
18119
18121
18126
18127
18128
18129
18130
18131
18132
18133
18134
18137
18139
18142
18143
18144
18145
18146
18147
18149
18150
18151
18153
18154
18158
18160
18164
18167
18169
18170
18174
18178
18179
18180
18181
19053
19056
19057
19059
19060
19062
19063
19065
19066
19067
19068
19071
19073
19077
19078
19080
19081
19082
19083
19084
19086
19091
19093
19094
19095
19097
19098
19099
19100
19104
19106
19107
19108
19109
19113
19114
19115
19116
19117
19118
19119
19120
19121
19122
19123
19124
19125
19127
19128
19129
19134
19135
19136
19137
19139
19140
19141
19142
19144
19146
19148
19150
19151
19153
19154
19155
19156
19158
19159
19161
19162
19163
19165
19170
19171
19172
20013
20014
20017
20019
20020
20021
20023
20024
20025
20026
20027
20028
20029
20030
20031
20032
20034
20035
20036
20037
20038
20039
20040
20041
20044
20045
20046
20047
20050
20051
20052
20056
20058
20059
20060
20062
20063
20065
20066
20067
20068
20069
20071
20072
20073
20077
20079
20081
20083
20084
20085
20086
20088
20089
20090
20092
20095
20098
20100
20101
20103
20104
20116
20117
20119
20120
20122
20123
20126
20129
20130
20133
20135
20136
20137
20140
20142
20144
20145
20147
20150
20154
20157
20162
20163
20164
20167
20168
20172
20174
20175
20176
20177
20178
20182
20185
20186
20187
20188
20191
20196
20296
20298
20329
20332
20333
20334
20336
20337
20338
20339
20345
20346
20350
20351
20352
20353
20354
20358
20362
20363
20364
21006
21008
21011
21012
21017
21018
21022
21026
21027
21030
21031
21034
21035
21036
21037
21038
21041
21050
21052
21054
21055
21056
21058
21059
21064
21065
21068
21069
21073
21074
21075
21077
21079
21168
21174
21175
21178
21180
21182
21183
21184
21185
21186
21188
21189
21190
21191
21194
21196
21197
21201
21202
21203
21204
21205
21206
21208
21209
21210
21212
21213
21214
21215
21216
21220
21221
21222
21223
21227
21230
21233
21234
21235
21237
21238
21240
21242
21244
21245
21247
21248
21249
21250
21251
21252
21253
21254
21255
21257
21258
